(001, 000, 000, 000);(10B, 221, 09D, 398)
(002, 000, 000, 000);(1AE, 1E9, 2CB, 245)
(004, 000, 000, 000);(1AB, 11E, 05F, 3A4)
(008, 000, 000, 000);(08D, 04D, 016, 34C)
(010, 000, 000, 000);(0AD, 337, 3C5, 2D4)
(020, 000, 000, 000);(322, 3FD, 3D5, 0E5)
(040, 000, 000, 000);(002, 246, 2E2, 380)
(080, 000, 000, 000);(1E9, 3FE, 238, 329)
(100, 000, 000, 000);(0F5, 1BD, 210, 210)
(200, 000, 000, 000);(2D8, 209, 353, 243)
(000, 001, 000, 000);(07D, 2BB, 037, 3C8)
(000, 002, 000, 000);(055, 128, 25A, 17F)
(000, 004, 000, 000);(0EB, 2FD, 3C3, 176)
(000, 008, 000, 000);(3D1, 236, 09D, 2F1)
(000, 010, 000, 000);(06D, 1BE, 3EB, 0BE)
(000, 020, 000, 000);(3D9, 069, 21B, 11B)
(000, 040, 000, 000);(3AA, 29E, 239, 1C0)
(000, 080, 000, 000);(0BD, 1B1, 18E, 2AB)
(000, 100, 000, 000);(2D7, 1F4, 378, 157)
(000, 200, 000, 000);(395, 295, 38D, 129)
(000, 000, 001, 000);(15E, 23B, 378, 376)
(000, 000, 002, 000);(0D0, 34D, 18C, 354)
(000, 000, 004, 000);(084, 128, 167, 20B)
(000, 000, 008, 000);(1C7, 3F1, 063, 33C)
(000, 000, 010, 000);(141, 222, 031, 28A)
(000, 000, 020, 000);(009, 1D9, 3CC, 131)
(000, 000, 040, 000);(169, 1A1, 02D, 39B)
(000, 000, 080, 000);(0C8, 111, 34B, 38E)
(000, 000, 100, 000);(263, 36C, 361, 369)
(000, 000, 200, 000);(0A6, 050, 36D, 016)
(000, 000, 000, 001);(015, 371, 2DC, 0E2)
(000, 000, 000, 002);(04A, 1EC, 1B6, 3B4)
(000, 000, 000, 004);(2BE, 1DD, 223, 1FA)
(000, 000, 000, 008);(322, 319, 244, 300)
(000, 000, 000, 010);(19A, 0E6, 364, 0F2)
(000, 000, 000, 020);(13C, 355, 058, 07F)
(000, 000, 000, 040);(211, 2D9, 1B2, 362)
(000, 000, 000, 080);(14F, 3D2, 0E2, 1C7)
(000, 000, 000, 100);(005, 38F, 215, 2DF)
(000, 000, 000, 200);(03D, 208, 27E, 249)