(001, 000, 000, 000);(112, 1BC, 36C, 0C5)
(002, 000, 000, 000);(344, 394, 342, 165)
(004, 000, 000, 000);(23F, 15B, 0C7, 0A7)
(008, 000, 000, 000);(215, 11F, 1E0, 2E7)
(010, 000, 000, 000);(2D9, 10A, 0C4, 095)
(020, 000, 000, 000);(231, 120, 322, 016)
(040, 000, 000, 000);(3C6, 010, 0EC, 261)
(080, 000, 000, 000);(32C, 199, 2C5, 07A)
(100, 000, 000, 000);(35C, 13E, 212, 110)
(200, 000, 000, 000);(13E, 20F, 253, 0BC)
(000, 001, 000, 000);(237, 252, 004, 0F8)
(000, 002, 000, 000);(0CC, 32A, 01A, 2DB)
(000, 004, 000, 000);(13B, 2FA, 328, 38C)
(000, 008, 000, 000);(022, 37D, 08D, 3D4)
(000, 010, 000, 000);(1F4, 1C5, 1FF, 31D)
(000, 020, 000, 000);(39A, 062, 38C, 2EB)
(000, 040, 000, 000);(006, 131, 32E, 12B)
(000, 080, 000, 000);(15E, 0BF, 1E2, 04F)
(000, 100, 000, 000);(17E, 011, 198, 3C5)
(000, 200, 000, 000);(0E6, 0ED, 314, 289)
(000, 000, 001, 000);(075, 380, 371, 2E9)
(000, 000, 002, 000);(38B, 1A6, 221, 260)
(000, 000, 004, 000);(019, 08E, 280, 1A7)
(000, 000, 008, 000);(0DC, 0B1, 061, 3DE)
(000, 000, 010, 000);(189, 2AB, 1A6, 39D)
(000, 000, 020, 000);(1B2, 0A7, 178, 208)
(000, 000, 040, 000);(269, 2CC, 27E, 1CD)
(000, 000, 080, 000);(09A, 1DD, 336, 34B)
(000, 000, 100, 000);(2D5, 29F, 072, 04D)
(000, 000, 200, 000);(009, 175, 254, 3ED)
(000, 000, 000, 001);(28D, 172, 3EA, 24E)
(000, 000, 000, 002);(058, 044, 3A0, 281)
(000, 000, 000, 004);(22D, 1C8, 221, 18B)
(000, 000, 000, 008);(370, 1D0, 3CD, 07F)
(000, 000, 000, 010);(256, 130, 382, 067)
(000, 000, 000, 020);(37F, 282, 3A4, 3D8)
(000, 000, 000, 040);(165, 3BA, 19B, 0F7)
(000, 000, 000, 080);(1C7, 259, 17E, 0BE)
(000, 000, 000, 100);(38E, 3D2, 2CD, 21C)
(000, 000, 000, 200);(099, 176, 3BC, 031)